al = [0.67578125, 0.6953125, 0.73828125];
steel = [0.2734375, 0.5078125, 0.703125];
